00100000000010010000000000001001
00111100000000010001000000000001
00110100001001000000000000000000
00000000000000000101000000100000
00100000000010000000000000000001
00000001001010000101100000101010
00010101011000000000000000001010
10001100100011000000000000000000
10001100100011010000000000000100
00000001101011000101100000101010
00010001011000000000000000000011
10101100100011010000000000000000
10101100100011000000000000000100
00000001000000000101000000100000
00100000100001000000000000000100
00100001000010000000000000000001
00001000000100000000000000000101
00000001010000000100100000100000
00010101001000001111111111101110
00000000000000000000000000001101
