10001100000100010000000000000000
00000010001000001001000000100000
00010010001100100000000000000001
00100010001100010000000000000100
00100110001100010000000000000100
00100000000000011111111111111011
00000010001000011000100000100010
00000110001000011111111111111100
00000010001100101001000000100001
00000010010100011001100000100100
00110010011010000000000000000111
00100001001010010000000000000000
00000101000100010000000000000001
00100001001010010000000000000001
00011101000000000000000000000001
00100001001010010000000000000001
00011001000000000000000000000001
00100001001010010000000000000001
00000101000000000000000000000001
00100001001010010000000000000001
00000101000100000000000000000001
00100001001010010000000000000001
00010110001100100000000000000000
00001000000100000000000000011000
00001100000100000000000000011010
00000001101000000100100000001001
10000000000010100000000000000010
10010000000010110000000000000010
10000100000011000000000000000010
10010100000011010000000000000010
00111100000010010000000000000100
01110010001100100100100000000010
00000001001100010100100000100111
00000001001100100100100000100101
00110101001010010000000011111111
10100000000100010000000000000000
10100100000100100000000000000100
00000000000010010100100010000000
00000001010010010100100000000100
00000010001100100100000000101010
00101001001010000010011100010000
00000000000010010100100010000011
00000001010010010100100000000111
00000000000010010100100010000010
00000001010010010100100000000110
00101101001010000000000000101000
00000010001100000100000000101011
00000000000010000100000000100010
00000001000000000100000000100011
10101100000010000000000000001000
00000010001100100100100000100110
00111001001010010000000000001111
00000001001000000000000000001000
